# build_prompt_15 A2 Track2 對照 universe（point-in-time 客觀篩選）
# 規則：股票類、上市/上櫃、上市於 2017-06-01 之前；產業分層、seed=42
5351
6241
6184
6166
6443
8201
2027
2321
4745
3388
3285
9941
3556
3622
1558
5227
1477
2597
2731
3380
4106
5516
9927
2478
3290
2493
1909
2430
8271
3479
3289
1586
3029
3257
9960
8932
6281
4609
3528
2034
8034
3707
6508
3310
1537
4138
6278
5251
2301
6198
5904
6020
2524
6482
6104
3026
3523
8450
1815
8040
2429
2107
2397
2424
8931
5398
6221
1108
3073
1319
3567
8039
3631
2739
2399
5907
8403
6243
1732
8354
9946
1813
3297
3306
3294
1702
1446
8940
6217
2528
1568
3226
6229
1235
3653
1707
4102
6577
1810
2891
3130
5468
1301
5490
2887
2014
6151
2421
2061
1476
2031
5493
1470
2613
4722
4555
1305
2540
2603
3623
